501045757456
501045757487
501045757490
501045757494
501045757496
501045757512
501045757529
501045757553
501045757570
501045757589
501045757596
501045757599
501045757623
501045757678
501045757686
501045757697
501045757720
501045757729
501045757747
501045757775
501045757780
501045757781
501045757783
501045757785
501045757825
501045757841
501045757846
501045757874
501045757943
501045757947
501045757955
501045757962
501045757964
501045757974
501045757456
501045757487
501045757490
501045757494
501045757496
501045757512
501045757529
501045757553
501045757570
501045757589
501045757596
501045757599
501045757623
501045757678
501045757686
501045757697
501045757720
501045757729
501045757747
501045757775
501045757780
501045757781
501045757783
501045757785
501045757825
501045757841
501045757846
501045757874
501045757943
501045757947
501045757955
501045757962
501045757964
501045757974
501045757456
501045757487
501045757490
501045757494
501045757496
501045757512
501045757529
501045757553
501045757570
501045757589
501045757596
501045757599
501045757623
501045757678
501045757686
501045757697
501045757720
501045757729
501045757747
501045757775
501045757780
501045757781
501045757783
501045757785
501045757825
501045757841
501045757846
501045757874
501045757943
501045757947
501045757955
501045757962
501045757964
501045757974
501045757456
501045757487
501045757490
501045757494
501045757496
501045757512
501045757529
501045757553
501045757570
501045757589
501045757596
501045757599
501045757623
501045757678
501045757686
501045757697
501045757720
501045757729
501045757747
501045757775
501045757780
501045757781
501045757783
501045757785
501045757825
501045757841
501045757846
501045757874
501045757943
501045757947
501045757955
501045757962
501045757964
501045757974
501045757456
501045757487
501045757490
501045757494
501045757496
501045757512
501045757529
501045757553
501045757570
501045757589
501045757596
501045757599
501045757623
501045757678
501045757686
501045757697
501045757720
501045757729
501045757747
501045757775
501045757780
501045757781
501045757783
501045757785
501045757825
501045757841
501045757846
501045757874
501045757943
501045757947
501045757955
501045757962
501045757964
501045757974
