501045758000
501045758003
501045758009
501045758043
501045758063
501045758072
501045758090
501045758096
501045758129
501045758134
501045758135
501045758164
501045758179
501045758182
501045758183
501045758188
501045758194
501045758205
501045758276
501045758291
501045758321
501045758327
501045758371
501045758373
501045758374
501045758377
501045758404
501045758413
501045758437
501045758469
501045758471
501045758614
501045758632
501045758651
501045758697
501045758737
501045758758
501045758806
501045758812
501045758838
501045758892
501045758897
501045758903
501045758913
501045758915
501045758917
501045758920
501045758925
501045758926
501045758940
501045758943
501045758990
501045758000
501045758003
501045758009
501045758043
501045758063
501045758072
501045758090
501045758096
501045758129
501045758134
501045758135
501045758164
501045758179
501045758182
501045758183
501045758188
501045758194
501045758205
501045758276
501045758291
501045758321
501045758327
501045758371
501045758373
501045758374
501045758377
501045758404
501045758413
501045758437
501045758469
501045758471
501045758614
501045758632
501045758651
501045758697
501045758737
501045758758
501045758806
501045758812
501045758838
501045758892
501045758897
501045758903
501045758913
501045758915
501045758917
501045758920
501045758925
501045758926
501045758940
501045758943
501045758990
501045758000
501045758003
501045758009
501045758043
501045758063
501045758072
501045758090
501045758096
501045758129
501045758134
501045758135
501045758164
501045758179
501045758182
501045758183
501045758188
501045758194
501045758205
501045758276
501045758291
501045758321
501045758327
501045758371
501045758373
501045758374
501045758377
501045758404
501045758413
501045758437
501045758469
501045758471
501045758614
501045758632
501045758651
501045758697
501045758737
501045758758
501045758806
501045758812
501045758838
501045758892
501045758897
501045758903
501045758913
501045758915
501045758917
501045758920
501045758925
501045758926
501045758940
501045758943
501045758990
501045758000
501045758003
501045758009
501045758043
501045758000
501045758003
501045758009
501045758043
501045758063
501045758072
501045758090
501045758096
501045758129
501045758134
501045758135
501045758164
501045758179
501045758182
501045758183
501045758188
501045758194
501045758205
501045758276
501045758291
501045758321
501045758327
501045758371
501045758373
501045758374
501045758377
501045758404
501045758413
501045758437
501045758469
501045758471
501045758614
501045758632
501045758651
501045758697
501045758737
501045758758
501045758806
501045758812
501045758838
501045758892
501045758897
501045758903
501045758913
501045758915
501045758917
501045758920
501045758925
501045758926
501045758940
501045758943
501045758990
