501045759051
501045759073
501045759108
501045759152
501045759160
501045759172
501045759192
501045759195
501045759243
501045759251
501045759355
501045759477
501045759483
501045759516
501045759550
501045759569
501045759599
501045759626
501045759685
501045759742
501045759743
501045759744
501045759772
501045759783
501045759856
501045759860
501045759892
501045759900
501045759915
501045759931
501045759936
501045759939
501045759952
501045759994
501045759051
501045759073
501045759108
501045759152
501045759160
501045759172
501045759192
501045759195
501045759243
501045759251
501045759355
501045759477
501045759483
501045759516
501045759550
501045759569
501045759599
501045759626
501045759685
501045759742
501045759743
501045759744
501045759772
501045759783
501045759856
501045759860
501045759892
501045759900
501045759915
501045759931
501045759936
501045759939
501045759952
501045759994
501045759051
501045759073
501045759108
501045759152
501045759160
501045759172
501045759192
501045759195
501045759243
501045759251
501045759355
501045759477
501045759483
501045759516
501045759550
501045759569
501045759599
501045759626
501045759685
501045759742
501045759743
501045759744
501045759772
501045759783
501045759856
501045759860
501045759892
501045759900
501045759915
501045759931
501045759936
501045759939
501045759952
501045759994
501045759051
501045759073
501045759108
501045759152
501045759160
501045759172
501045759192
501045759195
501045759243
501045759251
501045759355
501045759477
501045759483
501045759516
501045759550
501045759569
501045759599
501045759626
501045759685
501045759742
501045759743
501045759744
501045759772
501045759783
501045759856
501045759860
501045759892
501045759900
501045759915
501045759931
501045759936
501045759939
501045759952
501045759994
