501045760012
501045760037
501045760040
501045760041
501045760042
501045760064
501045760108
501045760152
501045760159
501045760167
501045760169
501045760173
501045760177
501045760179
501045760181
501045760184
501045760185
501045760188
501045760190
501045760260
501045760271
501045760284
501045760295
501045760312
501045760322
501045760326
501045760328
501045760329
501045760330
501045760331
501045760333
501045760334
501045760335
501045760340
501045760341
501045760344
501045760346
501045760348
501045760381
501045760388
501045760392
501045760422
501045760425
501045760427
501045760441
501045760450
501045760012
501045760037
501045760040
501045760041
501045760042
501045760064
501045760108
501045760152
501045760159
501045760167
501045760169
501045760173
501045760177
501045760179
501045760181
501045760184
501045760185
501045760188
501045760190
501045760260
501045760271
501045760284
501045760295
501045760312
501045760322
501045760326
501045760328
501045760329
501045760330
501045760331
501045760333
501045760334
501045760335
501045760340
501045760341
501045760344
501045760346
501045760348
501045760381
501045760388
501045760392
501045760422
501045760425
501045760427
501045760441
501045760450
501045760468
501045760500
501045760520
501045760547
501045760551
501045760558
501045760561
501045760610
501045760645
501045760671
501045760675
501045760692
501045760700
501045760704
501045760706
501045760708
501045760710
501045760711
501045760713
501045760715
501045760719
501045760735
501045760765
501045760792
501045760812
501045760813
501045760832
501045760836
501045760854
501045760863
501045760882
501045760884
501045760892
501045760897
501045760898
501045760961
501045760964
501045760012
501045760037
501045760040
501045760041
501045760042
501045760064
501045760108
501045760152
501045760159
501045760167
501045760169
501045760173
501045760177
501045760179
501045760181
501045760184
501045760185
501045760188
501045760190
501045760260
501045760271
501045760284
501045760295
501045760312
501045760322
501045760326
501045760328
501045760329
501045760330
501045760331
501045760333
501045760334
501045760335
501045760340
501045760341
501045760344
501045760346
501045760348
501045760381
501045760388
501045760392
501045760422
501045760425
501045760427
501045760441
501045760450
501045760468
501045760500
501045760520
501045760547
501045760551
501045760558
501045760561
501045760610
501045760645
501045760671
501045760675
501045760692
501045760700
501045760704
501045760706
501045760708
501045760710
501045760711
501045760713
501045760715
501045760719
501045760735
501045760765
501045760792
501045760812
501045760813
501045760832
501045760836
501045760854
501045760863
501045760882
501045760884
501045760892
501045760897
501045760898
501045760961
501045760964
501045760012
501045760037
501045760040
501045760041
501045760042
501045760064
501045760108
501045760152
501045760159
501045760167
501045760169
501045760173
501045760177
501045760179
501045760181
501045760184
501045760185
501045760188
501045760190
501045760260
501045760271
501045760284
501045760295
501045760312
501045760322
501045760326
501045760328
501045760329
501045760330
501045760331
501045760333
501045760334
501045760335
501045760340
501045760341
501045760344
501045760346
501045760348
501045760381
501045760388
501045760392
501045760422
501045760425
501045760427
501045760441
501045760450
501045760468
501045760500
501045760520
501045760547
501045760551
501045760558
501045760561
501045760610
501045760645
501045760671
501045760675
501045760692
501045760700
501045760704
501045760706
501045760708
501045760710
501045760711
501045760713
501045760715
501045760719
501045760735
501045760765
501045760792
501045760812
501045760813
501045760832
501045760836
501045760854
501045760863
501045760882
501045760884
501045760892
501045760897
501045760898
501045760961
501045760964
