501045761005
501045761043
501045761112
501045761145
501045761147
501045761165
501045761167
501045761171
501045761194
501045761195
501045761203
501045761211
501045761300
501045761345
501045761349
501045761380
501045761393
501045761398
501045761417
501045761421
501045761422
501045761473
501045761486
501045761523
501045761549
501045761552
501045761584
501045761603
501045761636
501045761658
501045761659
501045761668
501045761670
501045761677
501045761699
501045761715
501045761718
501045761719
501045761749
501045761761
501045761780
501045761789
501045761795
501045761809
501045761824
501045761831
501045761843
501045761877
501045761878
501045761893
501045761941
501045761942
501045761958
501045761960
501045761005
501045761043
501045761112
501045761145
501045761147
501045761165
501045761167
501045761171
501045761194
501045761195
501045761203
501045761211
501045761300
501045761345
501045761349
501045761380
501045761393
501045761398
501045761417
501045761421
501045761422
501045761473
501045761486
501045761523
501045761549
501045761552
501045761584
501045761603
501045761636
501045761005
501045761043
501045761112
501045761145
501045761147
501045761165
501045761167
501045761171
501045761194
501045761195
501045761203
501045761211
501045761300
501045761345
501045761349
501045761380
501045761393
501045761398
501045761417
501045761421
501045761422
501045761473
501045761486
501045761523
501045761549
501045761552
501045761584
501045761603
501045761636
501045761658
501045761659
501045761668
501045761670
501045761677
501045761699
501045761715
501045761718
501045761719
501045761749
501045761761
501045761780
501045761789
501045761795
501045761809
501045761824
501045761831
501045761843
501045761877
501045761878
501045761893
501045761941
501045761942
501045761958
501045761960
