501045762009
501045762016
501045762067
501045762086
501045762115
501045762120
501045762133
501045762134
501045762165
501045762172
501045762176
501045762190
501045762206
501045762216
501045762228
501045762242
501045762247
501045762252
501045762260
501045762265
501045762338
501045762345
501045762350
501045762351
501045762363
501045762375
501045762384
501045762386
501045762391
501045762398
501045762399
501045762402
501045762427
501045762457
501045762462
501045762491
501045762498
501045762502
501045762515
501045762530
501045762533
501045762539
501045762542
501045762545
501045762568
501045762571
501045762580
501045762596
501045762605
501045762624
501045762629
501045762632
501045762636
501045762638
501045762640
501045762642
501045762647
501045762651
501045762655
501045762658
501045762663
501045762666
501045762669
501045762671
501045762673
501045762676
501045762689
501045762691
501045762693
501045762695
501045762697
501045762701
501045762702
501045762705
501045762706
501045762708
501045762710
501045762712
501045762713
501045762714
501045762716
501045762717
501045762719
501045762722
501045762724
501045762729
501045762731
501045762736
501045762737
501045762738
501045762740
501045762741
501045762748
501045762749
501045762750
501045762751
501045762752
501045762753
501045762754
501045762755
501045762756
501045762758
501045762759
501045762761
501045762762
501045762763
501045762764
501045762765
501045762767
501045762769
501045762770
501045762774
501045762776
501045762777
501045762781
501045762785
501045762787
501045762788
501045762790
501045762792
501045762802
501045762805
501045762806
501045762807
501045762808
501045762809
501045762810
501045762811
501045762812
501045762813
501045762815
501045762816
501045762817
501045762818
501045762820
501045762821
501045762823
501045762827
501045762835
501045762838
501045762840
501045762855
501045762879
501045762881
501045762883
501045762888
501045762919
501045762933
501045762954
501045762972
501045762974
501045762982
501045762989
501045762993
501045762998
501045762009
501045762016
501045762067
501045762086
501045762115
501045762120
501045762133
501045762134
501045762165
501045762172
501045762176
501045762190
501045762206
501045762216
501045762228
501045762242
501045762247
501045762252
501045762260
501045762265
501045762338
501045762345
501045762350
501045762351
501045762363
501045762375
501045762384
501045762386
501045762391
501045762398
501045762399
501045762402
501045762427
501045762457
501045762462
501045762491
501045762498
501045762502
501045762515
501045762530
501045762533
501045762539
501045762542
501045762545
501045762568
501045762571
501045762580
501045762596
501045762605
501045762624
501045762629
501045762632
501045762636
501045762638
501045762640
501045762642
501045762647
501045762651
501045762655
501045762658
501045762663
501045762666
501045762669
501045762671
501045762673
501045762676
501045762689
501045762691
501045762693
501045762695
501045762697
501045762701
501045762702
501045762705
501045762706
501045762708
501045762710
501045762712
501045762713
501045762714
501045762716
501045762717
501045762719
501045762722
501045762724
501045762729
501045762731
501045762736
501045762737
501045762738
501045762740
501045762741
501045762748
501045762749
501045762750
501045762751
501045762752
501045762753
501045762754
501045762755
501045762756
501045762758
501045762759
501045762761
501045762762
501045762763
501045762764
501045762765
501045762767
501045762769
501045762770
501045762774
501045762776
501045762777
501045762781
501045762785
501045762787
501045762788
501045762790
501045762792
501045762802
501045762805
501045762806
501045762807
501045762808
501045762809
501045762810
501045762811
501045762812
501045762813
501045762815
501045762816
501045762817
501045762818
501045762820
501045762821
501045762823
501045762827
501045762835
501045762838
501045762840
501045762855
501045762879
501045762881
501045762883
501045762888
501045762919
501045762933
501045762954
501045762972
501045762974
501045762982
501045762989
501045762993
501045762998
