501045763007
501045763036
501045763042
501045763044
501045763046
501045763048
501045763074
501045763079
501045763101
501045763104
501045763107
501045763122
501045763169
501045763182
501045763216
501045763217
501045763222
501045763241
501045763269
501045763272
501045763297
501045763308
501045763309
501045763312
501045763331
501045763346
501045763402
501045763406
501045763411
501045763426
501045763427
501045763438
501045763459
501045763490
501045763506
501045763511
501045763521
501045763560
501045763563
501045763580
501045763583
501045763584
501045763600
501045763617
501045763620
501045763633
501045763635
501045763654
501045763658
501045763667
501045763697
501045763717
501045763727
501045763732
501045763774
501045763788
501045763791
501045763809
501045763838
501045763839
501045763845
501045763905
501045763925
501045763954
501045763955
501045763971
501045763007
501045763036
501045763042
501045763044
501045763046
501045763048
501045763074
501045763079
501045763101
501045763104
501045763107
501045763122
501045763169
501045763182
501045763216
501045763217
501045763222
501045763241
501045763269
501045763272
501045763297
501045763308
501045763309
501045763312
501045763331
501045763346
501045763402
501045763406
501045763411
501045763426
501045763427
501045763438
501045763459
501045763490
501045763506
501045763511
501045763521
501045763560
501045763563
501045763580
501045763583
501045763584
501045763600
501045763617
501045763620
501045763633
501045763635
501045763654
501045763658
501045763667
501045763697
501045763717
501045763727
501045763732
501045763774
501045763788
501045763791
501045763809
501045763838
501045763839
501045763845
501045763905
501045763925
501045763954
501045763955
501045763971
