501045764014
501045764059
501045764065
501045764096
501045764124
501045764187
501045764222
501045764224
501045764232
501045764241
501045764242
501045764243
501045764245
501045764247
501045764256
501045764258
501045764293
501045764308
501045764329
501045764353
501045764364
501045764371
501045764375
501045764425
501045764440
501045764445
501045764455
501045764456
501045764507
501045764508
501045764525
501045764553
501045764590
501045764620
501045764626
501045764636
501045764638
501045764641
501045764649
501045764652
501045764655
501045764664
501045764671
501045764680
501045764714
501045764752
501045764758
501045764759
501045764776
501045764784
501045764786
501045764850
501045764865
501045764871
501045764873
501045764875
501045764918
501045764927
501045764940
501045764958
501045764014
501045764059
501045764065
501045764096
501045764124
501045764187
501045764222
501045764224
501045764232
501045764241
501045764242
501045764243
501045764245
501045764247
501045764256
501045764258
501045764293
501045764308
501045764329
501045764353
501045764364
501045764371
501045764375
501045764425
501045764440
501045764445
501045764455
501045764456
501045764507
501045764508
501045764525
501045764553
501045764590
501045764620
501045764626
501045764636
501045764638
501045764641
501045764649
501045764652
501045764655
501045764664
501045764671
501045764680
501045764714
501045764752
501045764758
501045764759
501045764776
501045764784
501045764786
501045764850
501045764865
501045764871
501045764873
501045764875
501045764918
501045764927
501045764940
501045764958
