501045765116
501045765125
501045765140
501045765144
501045765146
501045765149
501045765174
501045765188
501045765200
501045765207
501045765209
501045765211
501045765224
501045765363
501045765364
501045765366
501045765394
501045765459
501045765461
501045765470
501045765490
501045765507
501045765515
501045765519
501045765521
501045765525
501045765542
501045765553
501045765554
501045765556
501045765567
501045765568
501045765572
501045765575
501045765577
501045765578
501045765644
501045765649
501045765655
501045765666
501045765668
501045765682
501045765707
501045765709
501045765713
501045765727
501045765742
501045765845
501045765856
501045765925
501045765926
501045765942
501045765954
501045765965
501045765116
501045765125
501045765140
501045765144
501045765146
501045765149
501045765174
501045765188
501045765200
501045765207
501045765209
501045765211
501045765224
501045765363
501045765364
501045765366
501045765394
501045765459
501045765461
501045765470
501045765490
501045765507
501045765515
501045765519
501045765521
501045765525
501045765542
501045765553
501045765554
501045765556
501045765567
501045765568
501045765572
501045765575
501045765577
501045765578
501045765644
501045765649
501045765655
501045765666
501045765668
501045765682
501045765707
501045765709
501045765713
501045765727
501045765742
501045765845
501045765856
501045765925
501045765926
501045765942
501045765954
501045765965
