501045766021
501045766024
501045766030
501045766044
501045766092
501045766117
501045766172
501045766211
501045766227
501045766235
501045766278
501045766289
501045766323
501045766325
501045766337
501045766354
501045766365
501045766368
501045766379
501045766380
501045766441
501045766458
501045766478
501045766486
501045766488
501045766490
501045766499
501045766511
501045766557
501045766574
501045766583
501045766596
501045766600
501045766603
501045766608
501045766614
501045766620
501045766621
501045766622
501045766626
501045766627
501045766628
501045766637
501045766641
501045766647
501045766659
501045766662
501045766667
501045766669
501045766671
501045766675
501045766678
501045766683
501045766684
501045766688
501045766693
501045766721
501045766725
501045766727
501045766729
501045766733
501045766740
501045766745
501045766750
501045766751
501045766757
501045766762
501045766790
501045766794
501045766798
501045766799
501045766806
501045766807
501045766819
501045766841
501045766844
501045766851
501045766857
501045766875
501045766899
501045766901
501045766906
501045766913
501045766919
501045766926
501045766935
501045766944
501045766947
501045766948
501045766959
501045766961
501045766963
501045766965
501045766990
501045766991
501045766021
501045766024
501045766030
501045766044
501045766092
501045766117
501045766172
501045766211
501045766227
501045766235
501045766278
501045766289
501045766323
501045766325
501045766337
501045766354
501045766365
501045766368
501045766379
501045766380
501045766441
501045766458
501045766478
501045766486
501045766488
501045766490
501045766499
501045766511
501045766557
501045766574
501045766583
501045766596
501045766600
501045766603
501045766608
501045766614
501045766620
501045766621
501045766622
501045766626
501045766627
501045766628
501045766637
501045766641
501045766647
501045766659
501045766662
501045766667
501045766669
501045766671
501045766675
501045766678
501045766683
501045766684
501045766688
501045766693
501045766721
501045766725
501045766727
501045766729
501045766733
501045766740
501045766745
501045766750
501045766751
501045766757
501045766762
501045766790
501045766794
501045766798
501045766799
501045766806
501045766807
501045766819
501045766841
501045766844
501045766851
501045766857
501045766875
501045766899
501045766901
501045766906
501045766913
501045766919
501045766926
501045766935
501045766944
501045766947
501045766948
501045766959
501045766961
501045766963
501045766965
501045766990
501045766991
