501045767000
501045767007
501045767012
501045767013
501045767015
501045767021
501045767025
501045767028
501045767030
501045767032
501045767057
501045767060
501045767062
501045767068
501045767071
501045767074
501045767088
501045767090
501045767093
501045767120
501045767126
501045767129
501045767171
501045767182
501045767189
501045767218
501045767243
501045767248
501045767293
501045767304
501045767322
501045767324
501045767339
501045767370
501045767391
501045767483
501045767497
501045767527
501045767556
501045767567
501045767576
501045767583
501045767624
501045767626
501045767634
501045767639
501045767000
501045767007
501045767012
501045767013
501045767015
501045767021
501045767025
501045767028
501045767030
501045767032
501045767057
501045767060
501045767062
501045767068
501045767071
501045767074
501045767088
501045767090
501045767093
501045767120
501045767126
501045767129
501045767171
501045767182
501045767189
501045767218
501045767243
501045767248
501045767293
501045767304
501045767322
501045767324
501045767339
501045767370
501045767391
501045767483
501045767497
501045767527
501045767556
501045767567
501045767576
501045767583
501045767624
501045767626
501045767634
501045767639
