501100000019
501100000221
501100000315
501100000325
501100000451
501100000456
501100000460
501100000481
501100000565
501100000629
501100000657
501100000659
501100000661
501100000712
501100000825
501100000828
501100000863
501100000864
501100000866
501100000868
501100000871
501100000885
501100000019
501100000221
501100000315
501100000325
501100000451
501100000456
501100000460
501100000481
501100000565
501100000629
501100000657
501100000659
501100000661
501100000712
501100000825
501100000828
501100000863
501100000864
501100000866
501100000868
501100000871
501100000885
501100000019
501100000221
501100000315
501100000325
501100000451
501100000456
501100000460
501100000481
501100000565
501100000629
501100000657
501100000659
501100000661
501100000712
501100000825
501100000828
501100000863
501100000864
501100000866
501100000868
501100000871
501100000885
