501100001121
501100001184
501100001190
501100001238
501100001244
501100001250
501100001251
501100001253
501100001254
501100001256
501100001260
501100001265
501100001319
501100001322
501100001329
501100001332
501100001355
501100001357
501100001371
501100001375
501100001391
501100001392
501100001393
501100001415
501100001490
501100001498
501100001500
501100001501
501100001502
501100001503
501100001504
501100001505
501100001532
501100001540
501100001547
501100001601
501100001627
501100001757
501100001758
501100001781
501100001783
501100001824
501100001825
501100001826
501100001827
501100001828
501100001829
501100001839
501100001934
501100001936
501100001941
501100001952
501100001969
501100001981
501100001992
501100001121
501100001184
501100001190
501100001121
501100001184
501100001190
501100001238
501100001244
501100001250
501100001251
501100001253
501100001254
501100001256
501100001260
501100001265
501100001319
501100001322
501100001329
501100001332
501100001355
501100001357
501100001371
501100001375
501100001391
501100001392
501100001393
501100001415
501100001490
501100001498
501100001500
501100001501
501100001502
501100001503
501100001504
501100001505
501100001532
501100001540
501100001547
501100001601
501100001627
501100001757
501100001758
501100001781
501100001783
501100001824
501100001825
501100001826
501100001827
501100001828
501100001829
501100001839
501100001934
501100001936
501100001941
501100001952
501100001969
501100001981
501100001992
