501100002026
501100002120
501100002196
501100002210
501100002212
501100002214
501100002216
501100002283
501100002294
501100002345
501100002365
501100002520
501100002538
501100002668
501100002685
501100002698
501100002699
501100002761
501100002772
501100002801
501100002812
501100002861
501100002889
501100002947
501100002954
501100002967
501100002970
501100002026
501100002120
501100002196
501100002210
501100002212
501100002214
501100002216
501100002283
501100002294
501100002345
501100002365
501100002520
501100002538
501100002668
501100002685
501100002698
501100002699
501100002761
501100002772
501100002801
501100002812
501100002861
501100002889
501100002947
501100002954
501100002967
501100002970
