501100003013
501100003020
501100003049
501100003060
501100003108
501100003191
501100003192
501100003198
501100003200
501100003211
501100003223
501100003224
501100003232
501100003234
501100003237
501100003239
501100003240
501100003241
501100003244
501100003248
501100003255
501100003261
501100003268
501100003280
501100003301
501100003366
501100003464
501100003471
501100003497
501100003525
501100003541
501100003579
501100003583
501100003586
501100003588
501100003594
501100003654
501100003658
501100003695
501100003725
501100003734
501100003736
501100003818
501100003820
501100003821
501100003823
501100003826
501100003827
501100003828
501100003830
501100003832
501100003882
501100003966
501100003970
501100003974
501100003013
501100003020
501100003049
501100003060
501100003108
501100003191
501100003192
501100003198
501100003200
501100003211
501100003223
501100003224
501100003232
501100003234
501100003237
501100003239
501100003240
501100003241
501100003244
501100003248
501100003255
501100003261
501100003268
501100003280
501100003301
501100003366
501100003464
501100003471
501100003497
501100003525
501100003541
501100003579
501100003583
501100003586
501100003588
501100003594
501100003654
501100003658
501100003695
501100003725
501100003734
501100003736
501100003818
501100003820
501100003821
501100003823
501100003826
501100003827
501100003828
501100003830
501100003832
501100003882
501100003966
501100003970
501100003974
