501100004036
501100004116
501100004117
501100004131
501100004158
501100004173
501100004271
501100004279
501100004294
501100004321
501100004435
501100004446
501100004499
501100004523
501100004530
501100004650
501100004666
501100004670
501100004676
501100004686
501100004691
501100004737
501100004739
501100004744
501100004829
501100004834
501100004036
501100004116
501100004117
501100004131
501100004158
501100004173
501100004271
501100004279
501100004294
501100004321
501100004435
501100004446
501100004499
501100004523
501100004530
501100004650
501100004666
501100004670
501100004676
501100004686
501100004691
501100004737
501100004739
501100004744
501100004829
501100004834
