501100005022
501100005024
501100005159
501100005173
501100005255
501100005257
501100005290
501100005330
501100005353
501100005367
501100005497
501100005538
501100005665
501100005723
501100005738
501100005739
501100005741
501100005756
501100005757
501100005782
501100005784
501100005786
501100005788
501100005790
501100005846
501100005852
501100005854
501100005856
501100005858
501100005861
501100005863
501100005870
501100005874
501100005877
501100005878
501100005879
501100005884
501100005889
501100005891
501100005892
501100005895
501100005898
501100005900
501100005916
501100005022
501100005024
501100005159
501100005173
501100005255
501100005257
501100005290
501100005330
501100005353
501100005367
501100005497
501100005538
501100005665
501100005723
501100005738
501100005739
501100005741
501100005756
501100005757
501100005782
501100005784
501100005786
501100005788
501100005790
501100005846
501100005852
501100005854
501100005856
501100005858
501100005861
501100005863
501100005870
501100005874
501100005877
501100005878
501100005879
501100005884
501100005889
501100005891
501100005892
501100005895
501100005898
501100005900
501100005916
