501100006003
501100006006
501100006011
501100006030
501100006090
501100006104
501100006141
501100006150
501100006182
501100006193
501100006213
501100006219
501100006224
501100006228
501100006236
501100006241
501100006243
501100006246
501100006250
501100006256
501100006261
501100006271
501100006286
501100006289
501100006306
501100006314
501100006323
501100006353
501100006355
501100006385
501100006518
501100006519
501100006548
501100006578
501100006671
501100006696
501100006765
501100006788
501100006792
501100006793
501100006798
501100006800
501100006802
501100006891
501100006912
501100006999
501100006003
501100006006
501100006011
501100006030
501100006090
501100006104
501100006141
501100006150
501100006182
501100006193
501100006213
501100006219
501100006224
501100006228
501100006236
501100006241
501100006243
501100006246
501100006250
501100006256
501100006261
501100006271
501100006286
501100006289
501100006306
501100006314
501100006323
501100006353
501100006355
501100006385
501100006518
501100006519
501100006548
501100006578
501100006671
501100006696
501100006765
501100006788
501100006792
501100006793
501100006798
501100006800
501100006802
501100006891
501100006912
501100006999
