501100007024
501100007026
501100007029
501100007031
501100007032
501100007033
501100007034
501100007035
501100007037
501100007043
501100007044
501100007052
501100007054
501100007055
501100007057
501100007058
501100007060
501100007061
501100007062
501100007063
501100007064
501100007065
501100007067
501100007072
501100007074
501100007087
501100007090
501100007091
501100007092
501100007094
501100007095
501100007096
501100007097
501100007099
501100007100
501100007101
501100007377
501100007416
501100007421
501100007426
501100007428
501100007436
501100007493
501100007513
501100007577
501100007769
501100007789
501100007791
501100007792
501100007793
501100007795
501100007796
501100007802
501100007808
501100007809
501100007844
501100007849
501100007856
501100007865
501100007879
501100007882
501100007887
501100007920
501100007024
501100007026
501100007029
501100007031
501100007032
501100007033
501100007034
501100007035
501100007037
501100007043
501100007044
501100007052
501100007054
501100007055
501100007057
501100007058
501100007060
501100007061
501100007062
501100007063
501100007064
501100007065
501100007067
501100007072
501100007074
501100007087
501100007090
501100007091
501100007092
501100007094
501100007095
501100007096
501100007097
501100007099
501100007100
501100007101
501100007377
501100007416
501100007421
501100007426
501100007428
501100007436
501100007493
501100007513
501100007577
501100007769
501100007789
501100007791
501100007792
501100007793
501100007795
501100007796
501100007802
501100007808
501100007809
501100007844
501100007849
501100007856
501100007865
501100007879
501100007882
501100007887
501100007920
