501100008006
501100008102
501100008169
501100008215
501100008272
501100008279
501100008342
501100008352
501100008355
501100008360
501100008362
501100008365
501100008367
501100008378
501100008379
501100008381
501100008392
501100008393
501100008395
501100008396
501100008401
501100008461
501100008475
501100008477
501100008508
501100008513
501100008515
501100008516
501100008518
501100008519
501100008520
501100008522
501100008524
501100008525
501100008528
501100008532
501100008534
501100008537
501100008542
501100008544
501100008547
501100008552
501100008553
501100008555
501100008557
501100008559
501100008560
501100008562
501100008564
501100008566
501100008567
501100008568
501100008569
501100008571
501100008573
501100008574
501100008575
501100008576
501100008577
501100008578
501100008579
501100008581
501100008583
501100008585
501100008587
501100008589
501100008591
501100008593
501100008595
501100008597
501100008664
501100008683
501100008693
501100008694
501100008696
501100008698
501100008699
501100008702
501100008706
501100008709
501100008723
501100008725
501100008754
501100008858
501100008862
501100008888
501100008890
501100008892
501100008903
501100008964
501100008006
501100008102
501100008169
