501100009005
501100009014
501100009015
501100009016
501100009017
501100009019
501100009020
501100009023
501100009024
501100009026
501100009028
501100009106
501100009120
501100009122
501100009264
501100009367
501100009476
501100009571
501100009623
501100009624
501100009625
501100009627
501100009630
501100009631
501100009637
501100009638
501100009646
501100009649
501100009661
501100009663
501100009665
501100009681
501100009685
501100009687
501100009717
501100009733
501100009738
501100009824
501100009836
501100009844
