501100018006
501100018009
501100018024
501100018025
501100018039
501100018051
501100018056
501100018058
501100018063
501100018071
501100018080
501100018090
501100018096
501100018099
501100018110
501100018111
501100018114
501100018145
501100018162
501100018166
501100018178
501100018194
501100018196
501100018293
501100018339
501100018348
501100018400
501100018404
501100018441
501100018443
501100018444
501100018451
501100018487
501100018488
501100018490
501100018496
501100018547
501100018550
501100018593
501100018596
501100018709
501100018793
501100018851
501100018858
501100018875
501100018938
501100018939
501100018966
