501100035076
501100035104
501100035342
501100035344
501100035419
501100035437
501100035655
501100035689
501100035691
501100035692
501100035694
501100035696
501100035698
501100035701
501100035703
501100035705
501100035708
501100035711
501100035715
501100035717
501100035720
501100035722
501100035724
501100035726
501100035728
501100035730
501100035732
501100035734
501100035736
501100035738
501100035740
501100035741
501100035743
501100035745
501100035748
501100035750
501100035757
501100035760
501100035762
501100035764
501100035766
501100035768
501100035772
501100035775
501100035777
501100035855
501100035955
