501100053009
501100053026
501100053027
501100053029
501100053030
501100053032
501100053033
501100053034
501100053041
501100053042
501100053043
501100053045
501100053047
501100053051
501100053055
501100053060
501100053062
501100053078
501100053083
501100053087
501100053095
501100053142
501100053155
501100053172
501100053173
501100053188
501100053192
501100053207
501100053212
501100053225
501100053227
501100053232
501100053260
501100053320
501100053348
501100053363
501100053365
501100053389
501100053394
501100053448
501100053454
501100053485
501100053494
501100053497
501100053527
501100053604
501100053656
501100053737
501100053786
501100053796
501100053797
501100053802
501100053806
501100053810
501100053815
501100053817
501100053866
501100053882
501100053883
501100053885
501100053891
501100053896
501100053899
501100053902
501100053903
501100053906
501100053908
501100053910
501100053911
501100053913
501100053914
501100053921
501100053932
501100053933
501100053934
501100053935
501100053936
501100053937
501100053938
501100053940
501100053941
501100053942
501100053943
501100053944
501100053980
501100053982
501100053983
501100053985
501100053986
501100053987
501100053988
501100053989
501100053992
501100053993
501100053995
501100053997
501100053998
