501100054003
501100054006
501100054008
501100054009
501100054011
501100054012
501100054015
501100054065
501100054066
501100054070
501100054072
501100054073
501100054083
501100054087
501100054090
501100054096
501100054098
501100054100
501100054102
501100054106
501100054107
501100054110
501100054113
501100054114
501100054116
501100054117
501100054120
501100054121
501100054123
501100054126
501100054127
501100054129
501100054131
501100054133
501100054138
501100054139
501100054140
501100054141
501100054144
501100054145
501100054146
501100054147
501100054148
501100054149
501100054150
501100054154
501100054210
501100054261
501100054265
501100054289
501100054343
501100054351
501100054461
501100054505
501100054506
501100054508
501100054509
501100054527
501100054544
501100054546
501100054556
501100054563
501100054565
501100054568
501100054646
501100054665
501100054694
501100054710
501100054722
501100054834
501100054837
501100054844
501100054876
501100054881
501100054885
501100054892
501100054898
501100054902
501100054913
501100054936
501100054960
501100054964
501100054966
501100054969
501100054977
501100054983
501100054989
