501100055009
501100055013
501100055019
501100055029
501100055045
501100055046
501100055049
501100055071
501100055088
501100055103
501100055128
501100055136
501100055140
501100055141
501100055142
501100055143
501100055144
501100055145
501100055159
501100055193
501100055268
501100055292
501100055310
501100055366
501100055401
501100055407
501100055425
501100055427
501100055453
501100055477
501100055480
501100055527
501100055614
501100055635
501100055708
501100055713
501100055817
501100055835
501100055851
501100055883
501100055928
501100055994
501100055998
