501100058045
501100058047
501100058049
501100058052
501100058056
501100058060
501100058095
501100058105
501100058122
501100058143
501100058149
501100058151
501100058153
501100058156
501100058159
501100058164
501100058173
501100058175
501100058190
501100058191
501100058192
501100058197
501100058204
501100058205
501100058206
501100058211
501100058214
501100058220
501100058222
501100058227
501100058230
501100058237
501100058239
501100058470
501100058563
501100058598
501100058687
501100058835
501100058973
501100058992
