501100061009
501100061033
501100061064
501100061069
501100061071
501100061076
501100061088
501100061089
501100061090
501100061092
501100061100
501100061106
501100061110
501100061119
501100061122
501100061126
501100061127
501100061128
501100061129
501100061131
501100061144
501100061145
501100061173
501100061194
501100061214
501100061233
501100061268
501100061272
501100061354
501100061379
501100061380
501100061388
501100061408
501100061444
501100061445
501100061455
501100061459
501100061460
501100061461
501100061463
501100061473
501100061561
501100061562
501100061574
501100061577
501100061684
501100061693
501100061741
501100061949
501100061955
501100061956
501100061958
501100061961
501100061965
501100061968
501100061971
501100061973
501100061975
501100061978
501100061980
501100061982
501100061984
501100061986
