501100063056
501100063057
501100063060
501100063065
501100063067
501100063068
501100063070
501100063072
501100063103
501100063159
501100063177
501100063189
501100063191
501100063194
501100063195
501100063201
501100063203
501100063205
501100063227
501100063231
501100063232
501100063237
501100063238
501100063240
501100063241
501100063242
501100063243
501100063244
501100063245
501100063247
501100063249
501100063250
501100063251
501100063252
501100063256
501100063257
501100063258
501100063260
501100063261
501100063262
501100063265
501100063266
501100063268
501100063269
501100063270
501100063272
501100063274
501100063276
501100063286
501100063501
501100063586
501100063780
501100063822
501100063926
501100063948
501100063955
501100063956
501100063957
501100063958
501100063960
