501100067020
501100067085
501100067101
501100067231
501100067240
501100067257
501100067273
501100067417
501100067437
501100067504
501100067665
501100067678
501100067684
501100067707
501100067709
501100067724
501100067726
501100067728
501100067730
501100067732
501100067734
501100067739
501100067744
501100067747
501100067748
501100067755
501100067764
501100067766
501100067770
501100067776
501100067783
501100067792
501100067796
501100067802
501100067831
501100067859
501100067864
501100067869
501100067870
501100067873
501100067874
501100067877
501100067889
501100067898
501100067899
501100067911
501100067915
501100067928
501100067943
501100067949
501100067953
501100067957
501100067961
501100067965
501100067969
501100067975
501100067977
501100067980
501100067984
501100067985
501100067986
501100067992
501100067994
501100067995
501100067997
