501100072092
501100072171
501100072173
501100072175
501100072177
501100072178
501100072181
501100072186
501100072190
501100072215
501100072217
501100072263
501100072266
501100072271
501100072288
501100072364
501100072370
501100072374
501100072379
501100072392
501100072405
501100072414
501100072415
501100072420
501100072422
501100072427
501100072432
501100072438
501100072439
501100072447
501100072468
501100072528
501100072577
501100072582
501100072587
501100072619
501100072739
501100072922
501100072933
501100072997
