501100073035
501100073044
501100073082
501100073093
501100073114
501100073163
501100073203
501100073207
501100073208
501100073209
501100073211
501100073223
501100073230
501100073233
501100073254
501100073256
501100073259
501100073264
501100073332
501100073399
501100073401
501100073410
501100073471
501100073472
501100073506
501100073603
501100073641
501100073662
501100073761
501100073772
501100073779
501100073822
501100073860
501100073882
501100073920
501100073921
501100073923
501100073926
501100073928
501100073931
501100073933
501100073936
501100073946
501100073966
501100073973
501100073974
