501100075014
501100075031
501100075079
501100075100
501100075103
501100075116
501100075120
501100075126
501100075128
501100075155
501100075158
501100075276
501100075316
501100075327
501100075350
501100075356
501100075358
501100075360
501100075390
501100075422
501100075423
501100075455
501100075457
501100075497
501100075661
501100075689
501100075726
501100075731
501100075744
501100075748
501100075750
501100075754
501100075763
501100075778
501100075780
501100075781
501100075783
501100075790
501100075797
501100075807
501100075810
501100075813
501100075816
501100075821
501100075822
501100075857
501100075908
501100075968
501100075981
501100075985
501100075991
501100075994
