501100077174
501100077181
501100077189
501100077200
501100077205
501100077354
501100077355
501100077360
501100077361
501100077362
501100077365
501100077367
501100077369
501100077374
501100077375
501100077395
501100077411
501100077420
501100077427
501100077459
501100077554
501100077555
501100077558
501100077560
501100077562
501100077564
501100077566
501100077567
501100077568
501100077569
501100077570
501100077572
501100077573
501100077575
501100077684
501100077725
501100077732
501100077745
501100077749
501100077857
501100077893
501100077895
501100077897
501100077973
