501100080001
501100080005
501100080008
501100080009
501100080012
501100080030
501100080043
501100080046
501100080068
501100080078
501100080093
501100080095
501100080100
501100080132
501100080213
501100080214
501100080220
501100080414
501100080416
501100080470
501100080475
501100080530
501100080531
501100080577
501100080578
501100080584
501100080598
501100080602
501100080658
501100080660
501100080661
501100080662
501100080663
501100080669
501100080672
501100080679
501100080696
501100080703
501100080732
501100080748
501100080750
501100080810
501100080827
501100080887
501100080991
501100080996
501100080999
