501100084010
501100084030
501100084032
501100084044
501100084053
501100084058
501100084061
501100084121
501100084122
501100084124
501100084125
501100084126
501100084129
501100084130
501100084133
501100084136
501100084139
501100084141
501100084143
501100084145
501100084148
501100084155
501100084158
501100084161
501100084165
501100084167
501100084169
501100084171
501100084172
501100084173
501100084174
501100084176
501100084178
501100084179
501100084181
501100084189
501100084190
501100084191
501100084313
501100084314
501100084327
501100084337
501100084339
501100084442
501100084511
501100084537
501100084539
501100084542
501100084544
501100084548
501100084554
501100084556
501100084560
501100084562
501100084565
501100084582
501100084679
501100084686
501100084688
501100084693
501100084891
501100084894
501100084895
