501100087040
501100087043
501100087045
501100087047
501100087050
501100087052
501100087054
501100087056
501100087058
501100087060
501100087061
501100087063
501100087065
501100087067
501100087068
501100087070
501100087072
501100087074
501100087077
501100087079
501100087081
501100087082
501100087083
501100087084
501100087085
501100087086
501100087088
501100087089
501100087091
501100087093
501100087096
501100087349
501100087404
501100087530
501100087536
501100087694
501100087724
501100087741
501100087747
501100087827
501100087832
501100087839
501100087841
501100087927
501100087928
501100087937
501100087939
501100087944
501100087951
501100087955
501100087957
501100087968
501100087983
501100087992
501100087996
501100087998
