501100091031
501100091042
501100091051
501100091059
501100091092
501100091114
501100091119
501100091133
501100091206
501100091286
501100091322
501100091324
501100091327
501100091329
501100091394
501100091414
501100091423
501100091429
501100091449
501100091482
501100091484
501100091486
501100091490
501100091492
501100091497
501100091501
501100091510
501100091521
501100091540
501100091584
501100091600
501100091602
501100091603
501100091608
501100091612
501100091725
501100091826
501100091842
501100091871
501100091908
501100091917
501100091997
