501100094008
501100094011
501100094065
501100094080
501100094084
501100094151
501100094155
501100094156
501100094393
501100094421
501100094479
501100094480
501100094483
501100094485
501100094487
501100094490
501100094500
501100094521
501100094523
501100094525
501100094580
501100094625
501100094632
501100094634
501100094638
501100094643
501100094653
501100094654
501100094661
501100094663
501100094664
501100094666
501100094667
501100094668
501100094669
501100094678
501100094688
501100094713
501100094721
501100094760
501100094796
501100094822
501100094830
501100094836
501100094850
501100094853
501100094855
501100094857
501100094860
501100094863
501100094868
501100094870
501100094967
501100094969
501100094973
501100094977
501100094983
