501100096011
501100096014
501100096021
501100096063
501100096134
501100096139
501100096146
501100096147
501100096154
501100096160
501100096163
501100096165
501100096166
501100096169
501100096201
501100096248
501100096325
501100096332
501100096338
501100096585
501100096596
501100096645
501100096648
501100096651
501100096654
501100096657
501100096659
501100096661
501100096664
501100096665
501100096666
501100096667
501100096668
501100096669
501100096670
501100096671
501100096672
501100096674
501100096675
501100096676
501100096678
501100096680
501100096682
501100096739
501100096816
501100096860
501100096865
501100096882
501100096923
501100096925
501100096962
