501100099052
501100099057
501100099058
501100099061
501100099062
501100099063
501100099064
501100099065
501100099066
501100099067
501100099068
501100099070
501100099071
501100099146
501100099159
501100099162
501100099164
501100099296
501100099303
501100099317
501100099326
501100099340
501100099404
501100099554
501100099579
501100099589
501100099596
501100099619
501100099630
501100099735
501100099804
501100099807
501100099809
501100099814
501100099816
501100099833
501100099838
501100099844
501100099847
501100099851
501100099853
501100099855
501100099886
501100099891
501100099892
501100099893
501100099896
501100099898
501100099948
501100099950
501100099995
